0.000000 0.000000 2.430000	0 0 0	0 1 0	1.3
0.024000 0.003300 2.426700	0 0 0	0 1 0	1.3
0.048000 0.006600 2.423400	0 0 0	0 1 0	1.3
0.072000 0.009900 2.420100	0 0 0	0 1 0	1.3
0.096000 0.013200 2.416800	0 0 0	0 1 0	1.3
0.120000 0.016500 2.413500	0 0 0	0 1 0	1.3
0.144000 0.019800 2.410200	0 0 0	0 1 0	1.3
0.168000 0.023100 2.406900	0 0 0	0 1 0	1.3
0.192000 0.026400 2.403600	0 0 0	0 1 0	1.3
0.216000 0.029700 2.400300	0 0 0	0 1 0	1.3
0.240000 0.033000 2.397000	0 0 0	0 1 0	1.3
0.264000 0.036300 2.393700	0 0 0	0 1 0	1.3
0.288000 0.039600 2.390400	0 0 0	0 1 0	1.3
0.312000 0.042900 2.387100	0 0 0	0 1 0	1.3
0.336000 0.046200 2.383800	0 0 0	0 1 0	1.3
0.360000 0.049500 2.380500	0 0 0	0 1 0	1.3
0.384000 0.052800 2.377200	0 0 0	0 1 0	1.3
0.408000 0.056100 2.373900	0 0 0	0 1 0	1.3
0.432000 0.059400 2.370600	0 0 0	0 1 0	1.3
0.456000 0.062700 2.367300	0 0 0	0 1 0	1.3
0.480000 0.066000 2.364000	0 0 0	0 1 0	1.3
0.504000 0.069300 2.360700	0 0 0	0 1 0	1.3
0.528000 0.072600 2.357400	0 0 0	0 1 0	1.3
0.552000 0.075900 2.354100	0 0 0	0 1 0	1.3
0.576000 0.079200 2.350800	0 0 0	0 1 0	1.3
0.600000 0.082500 2.347500	0 0 0	0 1 0	1.3
0.624000 0.085800 2.344200	0 0 0	0 1 0	1.3
0.648000 0.089100 2.340900	0 0 0	0 1 0	1.3
0.672000 0.092400 2.337600	0 0 0	0 1 0	1.3
0.696000 0.095700 2.334300	0 0 0	0 1 0	1.3
0.720000 0.099000 2.331000	0 0 0	0 1 0	1.3
0.744000 0.102300 2.327700	0 0 0	0 1 0	1.3
0.768000 0.105600 2.324400	0 0 0	0 1 0	1.3
0.792000 0.108900 2.321100	0 0 0	0 1 0	1.3
0.816000 0.112200 2.317800	0 0 0	0 1 0	1.3
0.840000 0.115500 2.314500	0 0 0	0 1 0	1.3
0.864000 0.118800 2.311200	0 0 0	0 1 0	1.3
0.888000 0.122100 2.307900	0 0 0	0 1 0	1.3
0.912000 0.125400 2.304600	0 0 0	0 1 0	1.3
0.936000 0.128700 2.301300	0 0 0	0 1 0	1.3
0.960000 0.132000 2.298000	0 0 0	0 1 0	1.3
0.984000 0.135300 2.294700	0 0 0	0 1 0	1.3
1.008000 0.138600 2.291400	0 0 0	0 1 0	1.3
1.032000 0.141900 2.288100	0 0 0	0 1 0	1.3
1.056000 0.145200 2.284800	0 0 0	0 1 0	1.3
1.080000 0.148500 2.281500	0 0 0	0 1 0	1.3
1.104000 0.151800 2.278200	0 0 0	0 1 0	1.3
1.128000 0.155100 2.274900	0 0 0	0 1 0	1.3
1.152000 0.158400 2.271600	0 0 0	0 1 0	1.3
1.176000 0.161700 2.268300	0 0 0	0 1 0	1.3
1.200000 0.165000 2.265000	0 0 0	0 1 0	1.3
1.224000 0.168300 2.261700	0 0 0	0 1 0	1.3
1.248000 0.171600 2.258400	0 0 0	0 1 0	1.3
1.272000 0.174900 2.255100	0 0 0	0 1 0	1.3
1.296000 0.178200 2.251800	0 0 0	0 1 0	1.3
1.320000 0.181500 2.248500	0 0 0	0 1 0	1.3
1.344000 0.184800 2.245200	0 0 0	0 1 0	1.3
1.368000 0.188100 2.241900	0 0 0	0 1 0	1.3
1.392000 0.191400 2.238600	0 0 0	0 1 0	1.3
1.416000 0.194700 2.235300	0 0 0	0 1 0	1.3
1.440000 0.198000 2.232000	0 0 0	0 1 0	1.3
1.464000 0.201300 2.228700	0 0 0	0 1 0	1.3
1.488000 0.204600 2.225400	0 0 0	0 1 0	1.3
1.512000 0.207900 2.222100	0 0 0	0 1 0	1.3
1.536000 0.211200 2.218800	0 0 0	0 1 0	1.3
1.560000 0.214500 2.215500	0 0 0	0 1 0	1.3
1.584000 0.217800 2.212200	0 0 0	0 1 0	1.3
1.608000 0.221100 2.208900	0 0 0	0 1 0	1.3
1.632000 0.224400 2.205600	0 0 0	0 1 0	1.3
1.656000 0.227700 2.202300	0 0 0	0 1 0	1.3
1.680000 0.231000 2.199000	0 0 0	0 1 0	1.3
1.704000 0.234300 2.195700	0 0 0	0 1 0	1.3
1.728000 0.237600 2.192400	0 0 0	0 1 0	1.3
1.752000 0.240900 2.189100	0 0 0	0 1 0	1.3
1.776000 0.244200 2.185800	0 0 0	0 1 0	1.3
1.800000 0.247500 2.182500	0 0 0	0 1 0	1.3
1.824000 0.250800 2.179200	0 0 0	0 1 0	1.3
1.848000 0.254100 2.175900	0 0 0	0 1 0	1.3
1.872000 0.257400 2.172600	0 0 0	0 1 0	1.3
1.896000 0.260700 2.169300	0 0 0	0 1 0	1.3
1.920000 0.264000 2.166000	0 0 0	0 1 0	1.3
1.944000 0.267300 2.162700	0 0 0	0 1 0	1.3
1.968000 0.270600 2.159400	0 0 0	0 1 0	1.3
1.992000 0.273900 2.156100	0 0 0	0 1 0	1.3
2.016000 0.277200 2.152800	0 0 0	0 1 0	1.3
2.040000 0.280500 2.149500	0 0 0	0 1 0	1.3
2.064000 0.283800 2.146200	0 0 0	0 1 0	1.3
2.088000 0.287100 2.142900	0 0 0	0 1 0	1.3
2.112000 0.290400 2.139600	0 0 0	0 1 0	1.3
2.136000 0.293700 2.136300	0 0 0	0 1 0	1.3
2.160000 0.297000 2.133000	0 0 0	0 1 0	1.3
2.184000 0.300300 2.129700	0 0 0	0 1 0	1.3
2.208000 0.303600 2.126400	0 0 0	0 1 0	1.3
2.232000 0.306900 2.123100	0 0 0	0 1 0	1.3
2.256000 0.310200 2.119800	0 0 0	0 1 0	1.3
2.280000 0.313500 2.116500	0 0 0	0 1 0	1.3
2.304000 0.316800 2.113200	0 0 0	0 1 0	1.3
2.328000 0.320100 2.109900	0 0 0	0 1 0	1.3
2.352000 0.323400 2.106600	0 0 0	0 1 0	1.3
2.376000 0.326700 2.103300	0 0 0	0 1 0	1.3
2.382960 0.327657 2.085090	0.000000 0.005000 -0.005000	0.000000 1.000000 0.000000	1.300000
2.365920 0.325314 2.070180	0.000000 0.010000 -0.010000	0.000000 1.000000 0.000000	1.300000
2.348880 0.322971 2.055270	0.000000 0.015000 -0.015000	0.000000 1.000000 0.000000	1.300000
2.331840 0.320628 2.040360	0.000000 0.020000 -0.020000	0.000000 1.000000 0.000000	1.300000
2.314800 0.318285 2.025450	0.000000 0.025000 -0.025000	0.000000 1.000000 0.000000	1.300000
2.297760 0.315942 2.010540	0.000000 0.030000 -0.030000	0.000000 1.000000 0.000000	1.300000
2.280720 0.313599 1.995630	0.000000 0.035000 -0.035000	0.000000 1.000000 0.000000	1.300000
2.263680 0.311256 1.980720	0.000000 0.040000 -0.040000	0.000000 1.000000 0.000000	1.300000
2.246640 0.308913 1.965810	0.000000 0.045000 -0.045000	0.000000 1.000000 0.000000	1.300000
2.229600 0.306570 1.950900	0.000000 0.050000 -0.050000	0.000000 1.000000 0.000000	1.300000
2.212560 0.304227 1.935990	0.000000 0.055000 -0.055000	0.000000 1.000000 0.000000	1.300000
2.195520 0.301884 1.921080	0.000000 0.060000 -0.060000	0.000000 1.000000 0.000000	1.300000
2.178480 0.299541 1.906170	0.000000 0.065000 -0.065000	0.000000 1.000000 0.000000	1.300000
2.161440 0.297198 1.891260	0.000000 0.070000 -0.070000	0.000000 1.000000 0.000000	1.300000
2.144400 0.294855 1.876350	0.000000 0.075000 -0.075000	0.000000 1.000000 0.000000	1.300000
2.127360 0.292512 1.861440	0.000000 0.080000 -0.080000	0.000000 1.000000 0.000000	1.300000
2.110320 0.290169 1.846530	0.000000 0.085000 -0.085000	0.000000 1.000000 0.000000	1.300000
2.093280 0.287826 1.831620	0.000000 0.090000 -0.090000	0.000000 1.000000 0.000000	1.300000
2.076240 0.285483 1.816710	0.000000 0.095000 -0.095000	0.000000 1.000000 0.000000	1.300000
2.059200 0.283140 1.801800	0.000000 0.100000 -0.100000	0.000000 1.000000 0.000000	1.300000
2.042160 0.280797 1.786890	0.000000 0.105000 -0.105000	0.000000 1.000000 0.000000	1.300000
2.025120 0.278454 1.771980	0.000000 0.110000 -0.110000	0.000000 1.000000 0.000000	1.300000
2.008080 0.276111 1.757070	0.000000 0.115000 -0.115000	0.000000 1.000000 0.000000	1.300000
1.991040 0.273768 1.742160	0.000000 0.120000 -0.120000	0.000000 1.000000 0.000000	1.300000
1.974000 0.271425 1.727250	0.000000 0.125000 -0.125000	0.000000 1.000000 0.000000	1.300000
1.956960 0.269082 1.712340	0.000000 0.130000 -0.130000	0.000000 1.000000 0.000000	1.300000
1.939920 0.266739 1.697430	0.000000 0.135000 -0.135000	0.000000 1.000000 0.000000	1.300000
1.922880 0.264396 1.682520	0.000000 0.140000 -0.140000	0.000000 1.000000 0.000000	1.300000
1.905840 0.262053 1.667610	0.000000 0.145000 -0.145000	0.000000 1.000000 0.000000	1.300000
1.888800 0.259710 1.652700	0.000000 0.150000 -0.150000	0.000000 1.000000 0.000000	1.300000
1.871760 0.257367 1.637790	0.000000 0.155000 -0.155000	0.000000 1.000000 0.000000	1.300000
1.854720 0.255024 1.622880	0.000000 0.160000 -0.160000	0.000000 1.000000 0.000000	1.300000
1.837680 0.252681 1.607970	0.000000 0.165000 -0.165000	0.000000 1.000000 0.000000	1.300000
1.820640 0.250338 1.593060	0.000000 0.170000 -0.170000	0.000000 1.000000 0.000000	1.300000
1.803600 0.247995 1.578150	0.000000 0.175000 -0.175000	0.000000 1.000000 0.000000	1.300000
1.786560 0.245652 1.563240	0.000000 0.180000 -0.180000	0.000000 1.000000 0.000000	1.300000
1.769520 0.243309 1.548330	0.000000 0.185000 -0.185000	0.000000 1.000000 0.000000	1.300000
1.752480 0.240966 1.533420	0.000000 0.190000 -0.190000	0.000000 1.000000 0.000000	1.300000
1.735440 0.238623 1.518510	0.000000 0.195000 -0.195000	0.000000 1.000000 0.000000	1.300000
1.718400 0.236280 1.503600	0.000000 0.200000 -0.200000	0.000000 1.000000 0.000000	1.300000
1.701360 0.233937 1.488690	0.000000 0.205000 -0.205000	0.000000 1.000000 0.000000	1.300000
1.684320 0.231594 1.473780	0.000000 0.210000 -0.210000	0.000000 1.000000 0.000000	1.300000
1.667280 0.229251 1.458870	0.000000 0.215000 -0.215000	0.000000 1.000000 0.000000	1.300000
1.650240 0.226908 1.443960	0.000000 0.220000 -0.220000	0.000000 1.000000 0.000000	1.300000
1.633200 0.224565 1.429050	0.000000 0.225000 -0.225000	0.000000 1.000000 0.000000	1.300000
1.616160 0.222222 1.414140	0.000000 0.230000 -0.230000	0.000000 1.000000 0.000000	1.300000
1.599120 0.219879 1.399230	0.000000 0.235000 -0.235000	0.000000 1.000000 0.000000	1.300000
1.582080 0.217536 1.384320	0.000000 0.240000 -0.240000	0.000000 1.000000 0.000000	1.300000
1.565040 0.215193 1.369410	0.000000 0.245000 -0.245000	0.000000 1.000000 0.000000	1.300000
1.548000 0.212850 1.354500	0.000000 0.250000 -0.250000	0.000000 1.000000 0.000000	1.300000
1.530960 0.210507 1.339590	0.000000 0.255000 -0.255000	0.000000 1.000000 0.000000	1.300000
1.513920 0.208164 1.324680	0.000000 0.260000 -0.260000	0.000000 1.000000 0.000000	1.300000
1.496880 0.205821 1.309770	0.000000 0.265000 -0.265000	0.000000 1.000000 0.000000	1.300000
1.479840 0.203478 1.294860	0.000000 0.270000 -0.270000	0.000000 1.000000 0.000000	1.300000
1.462800 0.201135 1.279950	0.000000 0.275000 -0.275000	0.000000 1.000000 0.000000	1.300000
1.445760 0.198792 1.265040	0.000000 0.280000 -0.280000	0.000000 1.000000 0.000000	1.300000
1.428720 0.196449 1.250130	0.000000 0.285000 -0.285000	0.000000 1.000000 0.000000	1.300000
1.411680 0.194106 1.235220	0.000000 0.290000 -0.290000	0.000000 1.000000 0.000000	1.300000
1.394640 0.191763 1.220310	0.000000 0.295000 -0.295000	0.000000 1.000000 0.000000	1.300000
1.377600 0.189420 1.205400	0.000000 0.300000 -0.300000	0.000000 1.000000 0.000000	1.300000
1.360560 0.187077 1.190490	0.000000 0.305000 -0.305000	0.000000 1.000000 0.000000	1.300000
1.343520 0.184734 1.175580	0.000000 0.310000 -0.310000	0.000000 1.000000 0.000000	1.300000
1.326480 0.182391 1.160670	0.000000 0.315000 -0.315000	0.000000 1.000000 0.000000	1.300000
1.309440 0.180048 1.145760	0.000000 0.320000 -0.320000	0.000000 1.000000 0.000000	1.300000
1.292400 0.177705 1.130850	0.000000 0.325000 -0.325000	0.000000 1.000000 0.000000	1.300000
1.275360 0.175362 1.115940	0.000000 0.330000 -0.330000	0.000000 1.000000 0.000000	1.300000
1.258320 0.173019 1.101030	0.000000 0.335000 -0.335000	0.000000 1.000000 0.000000	1.300000
1.241280 0.170676 1.086120	0.000000 0.340000 -0.340000	0.000000 1.000000 0.000000	1.300000
1.224240 0.168333 1.071210	0.000000 0.345000 -0.345000	0.000000 1.000000 0.000000	1.300000
1.207200 0.165990 1.056300	0.000000 0.350000 -0.350000	0.000000 1.000000 0.000000	1.300000
1.190160 0.163647 1.041390	0.000000 0.355000 -0.355000	0.000000 1.000000 0.000000	1.300000
1.173120 0.161304 1.026480	0.000000 0.360000 -0.360000	0.000000 1.000000 0.000000	1.300000
1.156080 0.158961 1.011570	0.000000 0.365000 -0.365000	0.000000 1.000000 0.000000	1.300000
1.139040 0.156618 0.996660	0.000000 0.370000 -0.370000	0.000000 1.000000 0.000000	1.300000
1.122000 0.154275 0.981750	0.000000 0.375000 -0.375000	0.000000 1.000000 0.000000	1.300000
1.104960 0.151932 0.966840	0.000000 0.380000 -0.380000	0.000000 1.000000 0.000000	1.300000
1.087920 0.149589 0.951930	0.000000 0.385000 -0.385000	0.000000 1.000000 0.000000	1.300000
1.070880 0.147246 0.937020	0.000000 0.390000 -0.390000	0.000000 1.000000 0.000000	1.300000
1.053840 0.144903 0.922110	0.000000 0.395000 -0.395000	0.000000 1.000000 0.000000	1.300000
1.036800 0.142560 0.907200	0.000000 0.400000 -0.400000	0.000000 1.000000 0.000000	1.300000
1.019760 0.140217 0.892290	0.000000 0.405000 -0.405000	0.000000 1.000000 0.000000	1.300000
1.002720 0.137874 0.877380	0.000000 0.410000 -0.410000	0.000000 1.000000 0.000000	1.300000
0.985680 0.135531 0.862470	0.000000 0.415000 -0.415000	0.000000 1.000000 0.000000	1.300000
0.968640 0.133188 0.847560	0.000000 0.420000 -0.420000	0.000000 1.000000 0.000000	1.300000
0.951600 0.130845 0.832650	0.000000 0.425000 -0.425000	0.000000 1.000000 0.000000	1.300000
0.934560 0.128502 0.817740	0.000000 0.430000 -0.430000	0.000000 1.000000 0.000000	1.300000
0.917520 0.126159 0.802830	0.000000 0.435000 -0.435000	0.000000 1.000000 0.000000	1.300000
0.900480 0.123816 0.787920	0.000000 0.440000 -0.440000	0.000000 1.000000 0.000000	1.300000
0.883440 0.121473 0.773010	0.000000 0.445000 -0.445000	0.000000 1.000000 0.000000	1.300000
0.866400 0.119130 0.758100	0.000000 0.450000 -0.450000	0.000000 1.000000 0.000000	1.300000
0.849360 0.116787 0.743190	0.000000 0.455000 -0.455000	0.000000 1.000000 0.000000	1.300000
0.832320 0.114444 0.728280	0.000000 0.460000 -0.460000	0.000000 1.000000 0.000000	1.300000
0.815280 0.112101 0.713370	0.000000 0.465000 -0.465000	0.000000 1.000000 0.000000	1.300000
0.798240 0.109758 0.698460	0.000000 0.470000 -0.470000	0.000000 1.000000 0.000000	1.300000
0.781200 0.107415 0.683550	0.000000 0.475000 -0.475000	0.000000 1.000000 0.000000	1.300000
0.764160 0.105072 0.668640	0.000000 0.480000 -0.480000	0.000000 1.000000 0.000000	1.300000
0.747120 0.102729 0.653730	0.000000 0.485000 -0.485000	0.000000 1.000000 0.000000	1.300000
0.730080 0.100386 0.638820	0.000000 0.490000 -0.490000	0.000000 1.000000 0.000000	1.300000
0.713040 0.098043 0.623910	0.000000 0.495000 -0.495000	0.000000 1.000000 0.000000	1.300000
0.696000 0.095700 0.609000	0.000000 0.500000 -0.500000	0.000000 1.000000 0.000000	1.300000
0.695861 0.095781 0.608778	0.000000 0.500000 -0.500000	0.000000 1.000000 0.000000	1.300000
0.695722 0.095862 0.608556	0.000000 0.500000 -0.500000	0.000000 1.000000 0.000000	1.300000
0.695582 0.095943 0.608335	0.000000 0.500000 -0.500000	0.000000 1.000000 0.000000	1.300000
0.695443 0.096023 0.608113	0.000000 0.500000 -0.500000	0.000000 1.000000 0.000000	1.300000
0.695304 0.096104 0.607891	0.000000 0.500000 -0.500000	0.000000 1.000000 0.000000	1.300000
0.695165 0.096185 0.607669	0.000000 0.500000 -0.500000	0.000000 1.000000 0.000000	1.300000
0.695026 0.096266 0.607447	0.000000 0.500000 -0.500000	0.000000 1.000000 0.000000	1.300000
0.694886 0.096347 0.607226	0.000000 0.500000 -0.500000	0.000000 1.000000 0.000000	1.300000
0.694747 0.096428 0.607004	0.000000 0.500000 -0.500000	0.000000 1.000000 0.000000	1.300000
0.694608 0.096509 0.606782	0.000000 0.500000 -0.500000	0.000000 1.000000 0.000000	1.300000
0.694469 0.096589 0.606560	0.000000 0.500000 -0.500000	0.000000 1.000000 0.000000	1.300000
0.694330 0.096670 0.606338	0.000000 0.500000 -0.500000	0.000000 1.000000 0.000000	1.300000
0.694190 0.096751 0.606117	0.000000 0.500000 -0.500000	0.000000 1.000000 0.000000	1.300000
0.694051 0.096832 0.605895	0.000000 0.500000 -0.500000	0.000000 1.000000 0.000000	1.300000
0.693912 0.096913 0.605673	0.000000 0.500000 -0.500000	0.000000 1.000000 0.000000	1.300000
0.693773 0.096994 0.605451	0.000000 0.500000 -0.500000	0.000000 1.000000 0.000000	1.300000
0.693634 0.097075 0.605229	0.000000 0.500000 -0.500000	0.000000 1.000000 0.000000	1.300000
0.693494 0.097155 0.605008	0.000000 0.500000 -0.500000	0.000000 1.000000 0.000000	1.300000
0.693355 0.097236 0.604786	0.000000 0.500000 -0.500000	0.000000 1.000000 0.000000	1.300000
0.693216 0.097317 0.604564	0.000000 0.500000 -0.500000	0.000000 1.000000 0.000000	1.300000
0.693077 0.097398 0.604342	0.000000 0.500000 -0.500000	0.000000 1.000000 0.000000	1.300000
0.692938 0.097479 0.604120	0.000000 0.500000 -0.500000	0.000000 1.000000 0.000000	1.300000
0.692798 0.097560 0.603899	0.000000 0.500000 -0.500000	0.000000 1.000000 0.000000	1.300000
0.692659 0.097641 0.603677	0.000000 0.500000 -0.500000	0.000000 1.000000 0.000000	1.300000
0.692520 0.097721 0.603455	0.000000 0.500000 -0.500000	0.000000 1.000000 0.000000	1.300000
0.692381 0.097802 0.603233	0.000000 0.500000 -0.500000	0.000000 1.000000 0.000000	1.300000
0.692242 0.097883 0.603011	0.000000 0.500000 -0.500000	0.000000 1.000000 0.000000	1.300000
0.692102 0.097964 0.602790	0.000000 0.500000 -0.500000	0.000000 1.000000 0.000000	1.300000
0.691963 0.098045 0.602568	0.000000 0.500000 -0.500000	0.000000 1.000000 0.000000	1.300000
0.691824 0.098126 0.602346	0.000000 0.500000 -0.500000	0.000000 1.000000 0.000000	1.300000
0.691685 0.098207 0.602124	0.000000 0.500000 -0.500000	0.000000 1.000000 0.000000	1.300000
0.691546 0.098288 0.601902	0.000000 0.500000 -0.500000	0.000000 1.000000 0.000000	1.300000
0.691406 0.098368 0.601681	0.000000 0.500000 -0.500000	0.000000 1.000000 0.000000	1.300000
0.691267 0.098449 0.601459	0.000000 0.500000 -0.500000	0.000000 1.000000 0.000000	1.300000
0.691128 0.098530 0.601237	0.000000 0.500000 -0.500000	0.000000 1.000000 0.000000	1.300000
0.690989 0.098611 0.601015	0.000000 0.500000 -0.500000	0.000000 1.000000 0.000000	1.300000
0.690850 0.098692 0.600793	0.000000 0.500000 -0.500000	0.000000 1.000000 0.000000	1.300000
0.690710 0.098773 0.600572	0.000000 0.500000 -0.500000	0.000000 1.000000 0.000000	1.300000
0.690571 0.098854 0.600350	0.000000 0.500000 -0.500000	0.000000 1.000000 0.000000	1.300000
0.690432 0.098934 0.600128	0.000000 0.500000 -0.500000	0.000000 1.000000 0.000000	1.300000
0.690293 0.099015 0.599906	0.000000 0.500000 -0.500000	0.000000 1.000000 0.000000	1.300000
0.690154 0.099096 0.599684	0.000000 0.500000 -0.500000	0.000000 1.000000 0.000000	1.300000
0.690014 0.099177 0.599463	0.000000 0.500000 -0.500000	0.000000 1.000000 0.000000	1.300000
0.689875 0.099258 0.599241	0.000000 0.500000 -0.500000	0.000000 1.000000 0.000000	1.300000
0.689736 0.099339 0.599019	0.000000 0.500000 -0.500000	0.000000 1.000000 0.000000	1.300000
0.689597 0.099420 0.598797	0.000000 0.500000 -0.500000	0.000000 1.000000 0.000000	1.300000
0.689458 0.099500 0.598575	0.000000 0.500000 -0.500000	0.000000 1.000000 0.000000	1.300000
0.689318 0.099581 0.598354	0.000000 0.500000 -0.500000	0.000000 1.000000 0.000000	1.300000
0.689179 0.099662 0.598132	0.000000 0.500000 -0.500000	0.000000 1.000000 0.000000	1.300000
0.689040 0.099743 0.597910	0.000000 0.500000 -0.500000	0.000000 1.000000 0.000000	1.300000
0.688901 0.099824 0.597688	0.000000 0.500000 -0.500000	0.000000 1.000000 0.000000	1.300000
0.688762 0.099905 0.597466	0.000000 0.500000 -0.500000	0.000000 1.000000 0.000000	1.300000
0.688622 0.099986 0.597245	0.000000 0.500000 -0.500000	0.000000 1.000000 0.000000	1.300000
0.688483 0.100066 0.597023	0.000000 0.500000 -0.500000	0.000000 1.000000 0.000000	1.300000
0.688344 0.100147 0.596801	0.000000 0.500000 -0.500000	0.000000 1.000000 0.000000	1.300000
0.688205 0.100228 0.596579	0.000000 0.500000 -0.500000	0.000000 1.000000 0.000000	1.300000
0.688066 0.100309 0.596357	0.000000 0.500000 -0.500000	0.000000 1.000000 0.000000	1.300000
0.687926 0.100390 0.596136	0.000000 0.500000 -0.500000	0.000000 1.000000 0.000000	1.300000
0.687787 0.100471 0.595914	0.000000 0.500000 -0.500000	0.000000 1.000000 0.000000	1.300000
0.687648 0.100552 0.595692	0.000000 0.500000 -0.500000	0.000000 1.000000 0.000000	1.300000
0.687509 0.100632 0.595470	0.000000 0.500000 -0.500000	0.000000 1.000000 0.000000	1.300000
0.687370 0.100713 0.595248	0.000000 0.500000 -0.500000	0.000000 1.000000 0.000000	1.300000
0.687230 0.100794 0.595027	0.000000 0.500000 -0.500000	0.000000 1.000000 0.000000	1.300000
0.687091 0.100875 0.594805	0.000000 0.500000 -0.500000	0.000000 1.000000 0.000000	1.300000
0.686952 0.100956 0.594583	0.000000 0.500000 -0.500000	0.000000 1.000000 0.000000	1.300000
0.686813 0.101037 0.594361	0.000000 0.500000 -0.500000	0.000000 1.000000 0.000000	1.300000
0.686674 0.101118 0.594139	0.000000 0.500000 -0.500000	0.000000 1.000000 0.000000	1.300000
0.686534 0.101198 0.593918	0.000000 0.500000 -0.500000	0.000000 1.000000 0.000000	1.300000
0.686395 0.101279 0.593696	0.000000 0.500000 -0.500000	0.000000 1.000000 0.000000	1.300000
0.686256 0.101360 0.593474	0.000000 0.500000 -0.500000	0.000000 1.000000 0.000000	1.300000
0.686117 0.101441 0.593252	0.000000 0.500000 -0.500000	0.000000 1.000000 0.000000	1.300000
0.685978 0.101522 0.593030	0.000000 0.500000 -0.500000	0.000000 1.000000 0.000000	1.300000
0.685838 0.101603 0.592809	0.000000 0.500000 -0.500000	0.000000 1.000000 0.000000	1.300000
0.685699 0.101684 0.592587	0.000000 0.500000 -0.500000	0.000000 1.000000 0.000000	1.300000
0.685560 0.101765 0.592365	0.000000 0.500000 -0.500000	0.000000 1.000000 0.000000	1.300000
0.685421 0.101845 0.592143	0.000000 0.500000 -0.500000	0.000000 1.000000 0.000000	1.300000
0.685282 0.101926 0.591921	0.000000 0.500000 -0.500000	0.000000 1.000000 0.000000	1.300000
0.685142 0.102007 0.591700	0.000000 0.500000 -0.500000	0.000000 1.000000 0.000000	1.300000
0.685003 0.102088 0.591478	0.000000 0.500000 -0.500000	0.000000 1.000000 0.000000	1.300000
0.684864 0.102169 0.591256	0.000000 0.500000 -0.500000	0.000000 1.000000 0.000000	1.300000
0.684725 0.102250 0.591034	0.000000 0.500000 -0.500000	0.000000 1.000000 0.000000	1.300000
0.684586 0.102331 0.590812	0.000000 0.500000 -0.500000	0.000000 1.000000 0.000000	1.300000
0.684446 0.102411 0.590591	0.000000 0.500000 -0.500000	0.000000 1.000000 0.000000	1.300000
0.684307 0.102492 0.590369	0.000000 0.500000 -0.500000	0.000000 1.000000 0.000000	1.300000
0.684168 0.102573 0.590147	0.000000 0.500000 -0.500000	0.000000 1.000000 0.000000	1.300000
0.684029 0.102654 0.589925	0.000000 0.500000 -0.500000	0.000000 1.000000 0.000000	1.300000
0.683890 0.102735 0.589703	0.000000 0.500000 -0.500000	0.000000 1.000000 0.000000	1.300000
0.683750 0.102816 0.589482	0.000000 0.500000 -0.500000	0.000000 1.000000 0.000000	1.300000
0.683611 0.102897 0.589260	0.000000 0.500000 -0.500000	0.000000 1.000000 0.000000	1.300000
0.683472 0.102977 0.589038	0.000000 0.500000 -0.500000	0.000000 1.000000 0.000000	1.300000
0.683333 0.103058 0.588816	0.000000 0.500000 -0.500000	0.000000 1.000000 0.000000	1.300000
0.683194 0.103139 0.588594	0.000000 0.500000 -0.500000	0.000000 1.000000 0.000000	1.300000
0.683054 0.103220 0.588373	0.000000 0.500000 -0.500000	0.000000 1.000000 0.000000	1.300000
0.682915 0.103301 0.588151	0.000000 0.500000 -0.500000	0.000000 1.000000 0.000000	1.300000
0.682776 0.103382 0.587929	0.000000 0.500000 -0.500000	0.000000 1.000000 0.000000	1.300000
0.682637 0.103463 0.587707	0.000000 0.500000 -0.500000	0.000000 1.000000 0.000000	1.300000
0.682498 0.103543 0.587485	0.000000 0.500000 -0.500000	0.000000 1.000000 0.000000	1.300000
0.682358 0.103624 0.587264	0.000000 0.500000 -0.500000	0.000000 1.000000 0.000000	1.300000
0.682219 0.103705 0.587042	0.000000 0.500000 -0.500000	0.000000 1.000000 0.000000	1.300000
0.682080 0.103786 0.586820	0.000000 0.500000 -0.500000	0.000000 1.000000 0.000000	1.300000
0.681944 0.104165 0.586603	0.000000 0.535000 -0.510000	0.000000 1.000000 0.000000	1.300000
0.681807 0.104544 0.586385	0.000000 0.570000 -0.520000	0.000000 1.000000 0.000000	1.300000
0.681671 0.104924 0.586168	0.000000 0.605000 -0.530000	0.000000 1.000000 0.000000	1.300000
0.681534 0.105303 0.585951	0.000000 0.640000 -0.540000	0.000000 1.000000 0.000000	1.300000
0.681398 0.105682 0.585733	0.000000 0.675000 -0.550000	0.000000 1.000000 0.000000	1.300000
0.681261 0.106061 0.585516	0.000000 0.710000 -0.560000	0.000000 1.000000 0.000000	1.300000
0.681125 0.106441 0.585298	0.000000 0.745000 -0.570000	0.000000 1.000000 0.000000	1.300000
0.680989 0.106820 0.585081	0.000000 0.780000 -0.580000	0.000000 1.000000 0.000000	1.300000
0.680852 0.107199 0.584864	0.000000 0.815000 -0.590000	0.000000 1.000000 0.000000	1.300000
0.680716 0.107578 0.584646	0.000000 0.850000 -0.600000	0.000000 1.000000 0.000000	1.300000
0.680579 0.107958 0.584429	0.000000 0.885000 -0.610000	0.000000 1.000000 0.000000	1.300000
0.680443 0.108337 0.584212	0.000000 0.920000 -0.620000	0.000000 1.000000 0.000000	1.300000
0.680307 0.108716 0.583994	0.000000 0.955000 -0.630000	0.000000 1.000000 0.000000	1.300000
0.680170 0.109095 0.583777	0.000000 0.990000 -0.640000	0.000000 1.000000 0.000000	1.300000
0.680034 0.109475 0.583560	0.000000 1.025000 -0.650000	0.000000 1.000000 0.000000	1.300000
0.679897 0.109854 0.583342	0.000000 1.060000 -0.660000	0.000000 1.000000 0.000000	1.300000
0.679761 0.110233 0.583125	0.000000 1.095000 -0.670000	0.000000 1.000000 0.000000	1.300000
0.679624 0.110612 0.582908	0.000000 1.130000 -0.680000	0.000000 1.000000 0.000000	1.300000
0.679488 0.110992 0.582690	0.000000 1.165000 -0.690000	0.000000 1.000000 0.000000	1.300000
0.679352 0.111371 0.582473	0.000000 1.200000 -0.700000	0.000000 1.000000 0.000000	1.300000
0.679215 0.111750 0.582255	0.000000 1.235000 -0.710000	0.000000 1.000000 0.000000	1.300000
0.679079 0.112129 0.582038	0.000000 1.270000 -0.720000	0.000000 1.000000 0.000000	1.300000
0.678942 0.112509 0.581821	0.000000 1.305000 -0.730000	0.000000 1.000000 0.000000	1.300000
0.678806 0.112888 0.581603	0.000000 1.340000 -0.740000	0.000000 1.000000 0.000000	1.300000
0.678670 0.113267 0.581386	0.000000 1.375000 -0.750000	0.000000 1.000000 0.000000	1.300000
0.678533 0.113646 0.581169	0.000000 1.410000 -0.760000	0.000000 1.000000 0.000000	1.300000
0.678397 0.114025 0.580951	0.000000 1.445000 -0.770000	0.000000 1.000000 0.000000	1.300000
0.678260 0.114405 0.580734	0.000000 1.480000 -0.780000	0.000000 1.000000 0.000000	1.300000
0.678124 0.114784 0.580517	0.000000 1.515000 -0.790000	0.000000 1.000000 0.000000	1.300000
0.677987 0.115163 0.580299	0.000000 1.550000 -0.800000	0.000000 1.000000 0.000000	1.300000
0.677851 0.115542 0.580082	0.000000 1.585000 -0.810000	0.000000 1.000000 0.000000	1.300000
0.677715 0.115922 0.579864	0.000000 1.620000 -0.820000	0.000000 1.000000 0.000000	1.300000
0.677578 0.116301 0.579647	0.000000 1.655000 -0.830000	0.000000 1.000000 0.000000	1.300000
0.677442 0.116680 0.579430	0.000000 1.690000 -0.840000	0.000000 1.000000 0.000000	1.300000
0.677305 0.117059 0.579212	0.000000 1.725000 -0.850000	0.000000 1.000000 0.000000	1.300000
0.677169 0.117439 0.578995	0.000000 1.760000 -0.860000	0.000000 1.000000 0.000000	1.300000
0.677032 0.117818 0.578778	0.000000 1.795000 -0.870000	0.000000 1.000000 0.000000	1.300000
0.676896 0.118197 0.578560	0.000000 1.830000 -0.880000	0.000000 1.000000 0.000000	1.300000
0.676760 0.118576 0.578343	0.000000 1.865000 -0.890000	0.000000 1.000000 0.000000	1.300000
0.676623 0.118956 0.578126	0.000000 1.900000 -0.900000	0.000000 1.000000 0.000000	1.300000
0.676487 0.119335 0.577908	0.000000 1.935000 -0.910000	0.000000 1.000000 0.000000	1.300000
0.676350 0.119714 0.577691	0.000000 1.970000 -0.920000	0.000000 1.000000 0.000000	1.300000
0.676214 0.120093 0.577474	0.000000 2.005000 -0.930000	0.000000 1.000000 0.000000	1.300000
0.676078 0.120473 0.577256	0.000000 2.040000 -0.940000	0.000000 1.000000 0.000000	1.300000
0.675941 0.120852 0.577039	0.000000 2.075000 -0.950000	0.000000 1.000000 0.000000	1.300000
0.675805 0.121231 0.576821	0.000000 2.110000 -0.960000	0.000000 1.000000 0.000000	1.300000
0.675668 0.121610 0.576604	0.000000 2.145000 -0.970000	0.000000 1.000000 0.000000	1.300000
0.675532 0.121990 0.576387	0.000000 2.180000 -0.980000	0.000000 1.000000 0.000000	1.300000
0.675395 0.122369 0.576169	0.000000 2.215000 -0.990000	0.000000 1.000000 0.000000	1.300000
0.675259 0.122748 0.575952	0.000000 2.250000 -1.000000	0.000000 1.000000 0.000000	1.300000
0.675123 0.123127 0.575735	0.000000 2.285000 -1.010000	0.000000 1.000000 0.000000	1.300000
0.674986 0.123506 0.575517	0.000000 2.320000 -1.020000	0.000000 1.000000 0.000000	1.300000
0.674850 0.123886 0.575300	0.000000 2.355000 -1.030000	0.000000 1.000000 0.000000	1.300000
0.674713 0.124265 0.575083	0.000000 2.390000 -1.040000	0.000000 1.000000 0.000000	1.300000
0.674577 0.124644 0.574865	0.000000 2.425000 -1.050000	0.000000 1.000000 0.000000	1.300000
0.674440 0.125023 0.574648	0.000000 2.460000 -1.060000	0.000000 1.000000 0.000000	1.300000
0.674304 0.125403 0.574430	0.000000 2.495000 -1.070000	0.000000 1.000000 0.000000	1.300000
0.674168 0.125782 0.574213	0.000000 2.530000 -1.080000	0.000000 1.000000 0.000000	1.300000
0.674031 0.126161 0.573996	0.000000 2.565000 -1.090000	0.000000 1.000000 0.000000	1.300000
0.673895 0.126540 0.573778	0.000000 2.600000 -1.100000	0.000000 1.000000 0.000000	1.300000
0.673758 0.126920 0.573561	0.000000 2.635000 -1.110000	0.000000 1.000000 0.000000	1.300000
0.673622 0.127299 0.573344	0.000000 2.670000 -1.120000	0.000000 1.000000 0.000000	1.300000
0.673486 0.127678 0.573126	0.000000 2.705000 -1.130000	0.000000 1.000000 0.000000	1.300000
0.673349 0.128057 0.572909	0.000000 2.740000 -1.140000	0.000000 1.000000 0.000000	1.300000
0.673213 0.128437 0.572692	0.000000 2.775000 -1.150000	0.000000 1.000000 0.000000	1.300000
0.673076 0.128816 0.572474	0.000000 2.810000 -1.160000	0.000000 1.000000 0.000000	1.300000
0.672940 0.129195 0.572257	0.000000 2.845000 -1.170000	0.000000 1.000000 0.000000	1.300000
0.672803 0.129574 0.572040	0.000000 2.880000 -1.180000	0.000000 1.000000 0.000000	1.300000
0.672667 0.129954 0.571822	0.000000 2.915000 -1.190000	0.000000 1.000000 0.000000	1.300000
0.672531 0.130333 0.571605	0.000000 2.950000 -1.200000	0.000000 1.000000 0.000000	1.300000
0.672394 0.130712 0.571387	0.000000 2.985000 -1.210000	0.000000 1.000000 0.000000	1.300000
0.672258 0.131091 0.571170	0.000000 3.020000 -1.220000	0.000000 1.000000 0.000000	1.300000
0.672121 0.131471 0.570953	0.000000 3.055000 -1.230000	0.000000 1.000000 0.000000	1.300000
0.671985 0.131850 0.570735	0.000000 3.090000 -1.240000	0.000000 1.000000 0.000000	1.300000
0.671848 0.132229 0.570518	0.000000 3.125000 -1.250000	0.000000 1.000000 0.000000	1.300000
0.671712 0.132608 0.570301	0.000000 3.160000 -1.260000	0.000000 1.000000 0.000000	1.300000
0.671576 0.132987 0.570083	0.000000 3.195000 -1.270000	0.000000 1.000000 0.000000	1.300000
0.671439 0.133367 0.569866	0.000000 3.230000 -1.280000	0.000000 1.000000 0.000000	1.300000
0.671303 0.133746 0.569649	0.000000 3.265000 -1.290000	0.000000 1.000000 0.000000	1.300000
0.671166 0.134125 0.569431	0.000000 3.300000 -1.300000	0.000000 1.000000 0.000000	1.300000
0.671030 0.134504 0.569214	0.000000 3.335000 -1.310000	0.000000 1.000000 0.000000	1.300000
0.670894 0.134884 0.568996	0.000000 3.370000 -1.320000	0.000000 1.000000 0.000000	1.300000
0.670757 0.135263 0.568779	0.000000 3.405000 -1.330000	0.000000 1.000000 0.000000	1.300000
0.670621 0.135642 0.568562	0.000000 3.440000 -1.340000	0.000000 1.000000 0.000000	1.300000
0.670484 0.136021 0.568344	0.000000 3.475000 -1.350000	0.000000 1.000000 0.000000	1.300000
0.670348 0.136401 0.568127	0.000000 3.510000 -1.360000	0.000000 1.000000 0.000000	1.300000
0.670211 0.136780 0.567910	0.000000 3.545000 -1.370000	0.000000 1.000000 0.000000	1.300000
0.670075 0.137159 0.567692	0.000000 3.580000 -1.380000	0.000000 1.000000 0.000000	1.300000
0.669939 0.137538 0.567475	0.000000 3.615000 -1.390000	0.000000 1.000000 0.000000	1.300000
0.669802 0.137918 0.567258	0.000000 3.650000 -1.400000	0.000000 1.000000 0.000000	1.300000
0.669666 0.138297 0.567040	0.000000 3.685000 -1.410000	0.000000 1.000000 0.000000	1.300000
0.669529 0.138676 0.566823	0.000000 3.720000 -1.420000	0.000000 1.000000 0.000000	1.300000
0.669393 0.139055 0.566606	0.000000 3.755000 -1.430000	0.000000 1.000000 0.000000	1.300000
0.669257 0.139435 0.566388	0.000000 3.790000 -1.440000	0.000000 1.000000 0.000000	1.300000
0.669120 0.139814 0.566171	0.000000 3.825000 -1.450000	0.000000 1.000000 0.000000	1.300000
0.668984 0.140193 0.565953	0.000000 3.860000 -1.460000	0.000000 1.000000 0.000000	1.300000
0.668847 0.140572 0.565736	0.000000 3.895000 -1.470000	0.000000 1.000000 0.000000	1.300000
0.668711 0.140952 0.565519	0.000000 3.930000 -1.480000	0.000000 1.000000 0.000000	1.300000
0.668574 0.141331 0.565301	0.000000 3.965000 -1.490000	0.000000 1.000000 0.000000	1.300000
0.668438 0.141710 0.565084	0.000000 4.000000 -1.500000	0.000000 1.000000 0.000000	1.300000
0.668299 0.142513 0.564654	0.000000 3.980000 -1.493333	0.000000 0.993333 -0.006667	1.300000
0.668160 0.143315 0.564225	0.000000 3.960000 -1.486667	0.000000 0.986667 -0.013333	1.300000
0.668021 0.144118 0.563795	0.000000 3.940000 -1.480000	0.000000 0.980000 -0.020000	1.300000
0.667882 0.144920 0.563366	0.000000 3.920000 -1.473333	0.000000 0.973333 -0.026667	1.300000
0.667743 0.145723 0.562936	0.000000 3.900000 -1.466667	0.000000 0.966667 -0.033333	1.300000
0.667604 0.146525 0.562507	0.000000 3.880000 -1.460000	0.000000 0.960000 -0.040000	1.300000
0.667465 0.147328 0.562077	0.000000 3.860000 -1.453333	0.000000 0.953333 -0.046667	1.300000
0.667326 0.148130 0.561648	0.000000 3.840000 -1.446667	0.000000 0.946667 -0.053333	1.300000
0.667187 0.148933 0.561218	0.000000 3.820000 -1.440000	0.000000 0.940000 -0.060000	1.300000
0.667048 0.149735 0.560789	0.000000 3.800000 -1.433333	0.000000 0.933333 -0.066667	1.300000
0.666909 0.150538 0.560359	0.000000 3.780000 -1.426667	0.000000 0.926667 -0.073333	1.300000
0.666770 0.151340 0.559930	0.000000 3.760000 -1.420000	0.000000 0.920000 -0.080000	1.300000
0.666631 0.152143 0.559500	0.000000 3.740000 -1.413333	0.000000 0.913333 -0.086667	1.300000
0.666492 0.152945 0.559070	0.000000 3.720000 -1.406667	0.000000 0.906667 -0.093333	1.300000
0.666352 0.153748 0.558641	0.000000 3.700000 -1.400000	0.000000 0.900000 -0.100000	1.300000
0.666213 0.154550 0.558211	0.000000 3.680000 -1.393333	0.000000 0.893333 -0.106667	1.300000
0.666074 0.155353 0.557782	0.000000 3.660000 -1.386667	0.000000 0.886667 -0.113333	1.300000
0.665935 0.156155 0.557352	0.000000 3.640000 -1.380000	0.000000 0.880000 -0.120000	1.300000
0.665796 0.156958 0.556923	0.000000 3.620000 -1.373333	0.000000 0.873333 -0.126667	1.300000
0.665657 0.157761 0.556493	0.000000 3.600000 -1.366667	0.000000 0.866667 -0.133333	1.300000
0.665518 0.158563 0.556064	0.000000 3.580000 -1.360000	0.000000 0.860000 -0.140000	1.300000
0.665379 0.159366 0.555634	0.000000 3.560000 -1.353333	0.000000 0.853333 -0.146667	1.300000
0.665240 0.160168 0.555205	0.000000 3.540000 -1.346667	0.000000 0.846667 -0.153333	1.300000
0.665101 0.160971 0.554775	0.000000 3.520000 -1.340000	0.000000 0.840000 -0.160000	1.300000
0.664962 0.161773 0.554346	0.000000 3.500000 -1.333333	0.000000 0.833333 -0.166667	1.300000
0.664823 0.162576 0.553916	0.000000 3.480000 -1.326667	0.000000 0.826667 -0.173333	1.300000
0.664684 0.163378 0.553486	0.000000 3.460000 -1.320000	0.000000 0.820000 -0.180000	1.300000
0.664545 0.164181 0.553057	0.000000 3.440000 -1.313333	0.000000 0.813333 -0.186667	1.300000
0.664406 0.164983 0.552627	0.000000 3.420000 -1.306667	0.000000 0.806667 -0.193333	1.300000
0.664267 0.165786 0.552198	0.000000 3.400000 -1.300000	0.000000 0.800000 -0.200000	1.300000
0.664128 0.166588 0.551768	0.000000 3.380000 -1.293333	0.000000 0.793333 -0.206667	1.300000
0.663989 0.167391 0.551339	0.000000 3.360000 -1.286667	0.000000 0.786667 -0.213333	1.300000
0.663850 0.168193 0.550909	0.000000 3.340000 -1.280000	0.000000 0.780000 -0.220000	1.300000
0.663711 0.168996 0.550480	0.000000 3.320000 -1.273333	0.000000 0.773333 -0.226667	1.300000
0.663572 0.169798 0.550050	0.000000 3.300000 -1.266667	0.000000 0.766667 -0.233333	1.300000
0.663433 0.170601 0.549621	0.000000 3.280000 -1.260000	0.000000 0.760000 -0.240000	1.300000
0.663294 0.171403 0.549191	0.000000 3.260000 -1.253333	0.000000 0.753333 -0.246667	1.300000
0.663155 0.172206 0.548761	0.000000 3.240000 -1.246667	0.000000 0.746667 -0.253333	1.300000
0.663016 0.173009 0.548332	0.000000 3.220000 -1.240000	0.000000 0.740000 -0.260000	1.300000
0.662877 0.173811 0.547902	0.000000 3.200000 -1.233333	0.000000 0.733333 -0.266667	1.300000
0.662738 0.174614 0.547473	0.000000 3.180000 -1.226667	0.000000 0.726667 -0.273333	1.300000
0.662599 0.175416 0.547043	0.000000 3.160000 -1.220000	0.000000 0.720000 -0.280000	1.300000
0.662460 0.176219 0.546614	0.000000 3.140000 -1.213333	0.000000 0.713333 -0.286667	1.300000
0.662321 0.177021 0.546184	0.000000 3.120000 -1.206667	0.000000 0.706667 -0.293333	1.300000
0.662181 0.177824 0.545755	0.000000 3.100000 -1.200000	0.000000 0.700000 -0.300000	1.300000
0.662042 0.178626 0.545325	0.000000 3.080000 -1.193333	0.000000 0.693333 -0.306667	1.300000
0.661903 0.179429 0.544896	0.000000 3.060000 -1.186667	0.000000 0.686667 -0.313333	1.300000
0.661764 0.180231 0.544466	0.000000 3.040000 -1.180000	0.000000 0.680000 -0.320000	1.300000
0.661625 0.181034 0.544037	0.000000 3.020000 -1.173333	0.000000 0.673333 -0.326667	1.300000
0.661486 0.181836 0.543607	0.000000 3.000000 -1.166667	0.000000 0.666667 -0.333333	1.300000
0.661347 0.182639 0.543177	0.000000 2.980000 -1.160000	0.000000 0.660000 -0.340000	1.300000
0.661208 0.183441 0.542748	0.000000 2.960000 -1.153333	0.000000 0.653333 -0.346667	1.300000
0.661069 0.184244 0.542318	0.000000 2.940000 -1.146667	0.000000 0.646667 -0.353333	1.300000
0.660930 0.185046 0.541889	0.000000 2.920000 -1.140000	0.000000 0.640000 -0.360000	1.300000
0.660791 0.185849 0.541459	0.000000 2.900000 -1.133333	0.000000 0.633333 -0.366667	1.300000
0.660652 0.186651 0.541030	0.000000 2.880000 -1.126667	0.000000 0.626667 -0.373333	1.300000
0.660513 0.187454 0.540600	0.000000 2.860000 -1.120000	0.000000 0.620000 -0.380000	1.300000
0.660374 0.188257 0.540171	0.000000 2.840000 -1.113333	0.000000 0.613333 -0.386667	1.300000
0.660235 0.189059 0.539741	0.000000 2.820000 -1.106667	0.000000 0.606667 -0.393333	1.300000
0.660096 0.189862 0.539312	0.000000 2.800000 -1.100000	0.000000 0.600000 -0.400000	1.300000
0.659957 0.190664 0.538882	0.000000 2.780000 -1.093333	0.000000 0.593333 -0.406667	1.300000
0.659818 0.191467 0.538453	0.000000 2.760000 -1.086667	0.000000 0.586667 -0.413333	1.300000
0.659679 0.192269 0.538023	0.000000 2.740000 -1.080000	0.000000 0.580000 -0.420000	1.300000
0.659540 0.193072 0.537593	0.000000 2.720000 -1.073333	0.000000 0.573333 -0.426667	1.300000
0.659401 0.193874 0.537164	0.000000 2.700000 -1.066667	0.000000 0.566667 -0.433333	1.300000
0.659262 0.194677 0.536734	0.000000 2.680000 -1.060000	0.000000 0.560000 -0.440000	1.300000
0.659123 0.195479 0.536305	0.000000 2.660000 -1.053333	0.000000 0.553333 -0.446667	1.300000
0.658984 0.196282 0.535875	0.000000 2.640000 -1.046667	0.000000 0.546667 -0.453333	1.300000
0.658845 0.197084 0.535446	0.000000 2.620000 -1.040000	0.000000 0.540000 -0.460000	1.300000
0.658706 0.197887 0.535016	0.000000 2.600000 -1.033333	0.000000 0.533333 -0.466667	1.300000
0.658567 0.198689 0.534587	0.000000 2.580000 -1.026667	0.000000 0.526667 -0.473333	1.300000
0.658428 0.199492 0.534157	0.000000 2.560000 -1.020000	0.000000 0.520000 -0.480000	1.300000
0.658289 0.200294 0.533728	0.000000 2.540000 -1.013333	0.000000 0.513333 -0.486667	1.300000
0.658150 0.201097 0.533298	0.000000 2.520000 -1.006667	0.000000 0.506667 -0.493333	1.300000
0.658011 0.201900 0.532868	0.000000 2.500000 -1.000000	0.000000 0.500000 -0.500000	1.300000
0.657871 0.202702 0.532439	0.000000 2.480000 -0.993333	0.000000 0.493333 -0.506667	1.300000
0.657732 0.203505 0.532009	0.000000 2.460000 -0.986667	0.000000 0.486667 -0.513333	1.300000
0.657593 0.204307 0.531580	0.000000 2.440000 -0.980000	0.000000 0.480000 -0.520000	1.300000
0.657454 0.205110 0.531150	0.000000 2.420000 -0.973333	0.000000 0.473333 -0.526667	1.300000
0.657315 0.205912 0.530721	0.000000 2.400000 -0.966667	0.000000 0.466667 -0.533333	1.300000
0.657176 0.206715 0.530291	0.000000 2.380000 -0.960000	0.000000 0.460000 -0.540000	1.300000
0.657037 0.207517 0.529862	0.000000 2.360000 -0.953333	0.000000 0.453333 -0.546667	1.300000
0.656898 0.208320 0.529432	0.000000 2.340000 -0.946667	0.000000 0.446667 -0.553333	1.300000
0.656759 0.209122 0.529003	0.000000 2.320000 -0.940000	0.000000 0.440000 -0.560000	1.300000
0.656620 0.209925 0.528573	0.000000 2.300000 -0.933333	0.000000 0.433333 -0.566667	1.300000
0.656481 0.210727 0.528144	0.000000 2.280000 -0.926667	0.000000 0.426667 -0.573333	1.300000
0.656342 0.211530 0.527714	0.000000 2.260000 -0.920000	0.000000 0.420000 -0.580000	1.300000
0.656203 0.212332 0.527284	0.000000 2.240000 -0.913333	0.000000 0.413333 -0.586667	1.300000
0.656064 0.213135 0.526855	0.000000 2.220000 -0.906667	0.000000 0.406667 -0.593333	1.300000
0.655925 0.213937 0.526425	0.000000 2.200000 -0.900000	0.000000 0.400000 -0.600000	1.300000
0.655786 0.214740 0.525996	0.000000 2.180000 -0.893333	0.000000 0.393333 -0.606667	1.300000
0.655647 0.215542 0.525566	0.000000 2.160000 -0.886667	0.000000 0.386667 -0.613333	1.300000
0.655508 0.216345 0.525137	0.000000 2.140000 -0.880000	0.000000 0.380000 -0.620000	1.300000
0.655369 0.217148 0.524707	0.000000 2.120000 -0.873333	0.000000 0.373333 -0.626667	1.300000
0.655230 0.217950 0.524278	0.000000 2.100000 -0.866667	0.000000 0.366667 -0.633333	1.300000
0.655091 0.218753 0.523848	0.000000 2.080000 -0.860000	0.000000 0.360000 -0.640000	1.300000
0.654952 0.219555 0.523419	0.000000 2.060000 -0.853333	0.000000 0.353333 -0.646667	1.300000
0.654813 0.220358 0.522989	0.000000 2.040000 -0.846667	0.000000 0.346667 -0.653333	1.300000
0.654674 0.221160 0.522560	0.000000 2.020000 -0.840000	0.000000 0.340000 -0.660000	1.300000
0.654535 0.221963 0.522130	0.000000 2.000000 -0.833333	0.000000 0.333333 -0.666667	1.300000
0.654396 0.222765 0.521700	0.000000 1.980000 -0.826667	0.000000 0.326667 -0.673333	1.300000
0.654257 0.223568 0.521271	0.000000 1.960000 -0.820000	0.000000 0.320000 -0.680000	1.300000
0.654118 0.224370 0.520841	0.000000 1.940000 -0.813333	0.000000 0.313333 -0.686667	1.300000
0.653979 0.225173 0.520412	0.000000 1.920000 -0.806667	0.000000 0.306667 -0.693333	1.300000
0.653840 0.225975 0.519982	0.000000 1.900000 -0.800000	0.000000 0.300000 -0.700000	1.300000
0.653700 0.226778 0.519553	0.000000 1.880000 -0.793333	0.000000 0.293333 -0.706667	1.300000
0.653561 0.227580 0.519123	0.000000 1.860000 -0.786667	0.000000 0.286667 -0.713333	1.300000
0.653422 0.228383 0.518694	0.000000 1.840000 -0.780000	0.000000 0.280000 -0.720000	1.300000
0.653283 0.229185 0.518264	0.000000 1.820000 -0.773333	0.000000 0.273333 -0.726667	1.300000
0.653144 0.229988 0.517835	0.000000 1.800000 -0.766667	0.000000 0.266667 -0.733333	1.300000
0.653005 0.230790 0.517405	0.000000 1.780000 -0.760000	0.000000 0.260000 -0.740000	1.300000
0.652866 0.231593 0.516976	0.000000 1.760000 -0.753333	0.000000 0.253333 -0.746667	1.300000
0.652727 0.232396 0.516546	0.000000 1.740000 -0.746667	0.000000 0.246667 -0.753333	1.300000
0.652588 0.233198 0.516116	0.000000 1.720000 -0.740000	0.000000 0.240000 -0.760000	1.300000
0.652449 0.234001 0.515687	0.000000 1.700000 -0.733333	0.000000 0.233333 -0.766667	1.300000
0.652310 0.234803 0.515257	0.000000 1.680000 -0.726667	0.000000 0.226667 -0.773333	1.300000
0.652171 0.235606 0.514828	0.000000 1.660000 -0.720000	0.000000 0.220000 -0.780000	1.300000
0.652032 0.236408 0.514398	0.000000 1.640000 -0.713333	0.000000 0.213333 -0.786667	1.300000
0.651893 0.237211 0.513969	0.000000 1.620000 -0.706667	0.000000 0.206667 -0.793333	1.300000
0.651754 0.238013 0.513539	0.000000 1.600000 -0.700000	0.000000 0.200000 -0.800000	1.300000
0.651615 0.238816 0.513110	0.000000 1.580000 -0.693333	0.000000 0.193333 -0.806667	1.300000
0.651476 0.239618 0.512680	0.000000 1.560000 -0.686667	0.000000 0.186667 -0.813333	1.300000
0.651337 0.240421 0.512251	0.000000 1.540000 -0.680000	0.000000 0.180000 -0.820000	1.300000
0.651198 0.241223 0.511821	0.000000 1.520000 -0.673333	0.000000 0.173333 -0.826667	1.300000
0.651059 0.242026 0.511391	0.000000 1.500000 -0.666667	0.000000 0.166667 -0.833333	1.300000
0.650920 0.242828 0.510962	0.000000 1.480000 -0.660000	0.000000 0.160000 -0.840000	1.300000
0.650781 0.243631 0.510532	0.000000 1.460000 -0.653333	0.000000 0.153333 -0.846667	1.300000
0.650642 0.244433 0.510103	0.000000 1.440000 -0.646667	0.000000 0.146667 -0.853333	1.300000
0.650503 0.245236 0.509673	0.000000 1.420000 -0.640000	0.000000 0.140000 -0.860000	1.300000
0.650364 0.246038 0.509244	0.000000 1.400000 -0.633333	0.000000 0.133333 -0.866667	1.300000
0.650225 0.246841 0.508814	0.000000 1.380000 -0.626667	0.000000 0.126667 -0.873333	1.300000
0.650086 0.247644 0.508385	0.000000 1.360000 -0.620000	0.000000 0.120000 -0.880000	1.300000
0.649947 0.248446 0.507955	0.000000 1.340000 -0.613333	0.000000 0.113333 -0.886667	1.300000
0.649808 0.249249 0.507526	0.000000 1.320000 -0.606667	0.000000 0.106667 -0.893333	1.300000
0.649669 0.250051 0.507096	0.000000 1.300000 -0.600000	0.000000 0.100000 -0.900000	1.300000
0.649529 0.250854 0.506667	0.000000 1.280000 -0.593333	0.000000 0.093333 -0.906667	1.300000
0.649390 0.251656 0.506237	0.000000 1.260000 -0.586667	0.000000 0.086667 -0.913333	1.300000
0.649251 0.252459 0.505807	0.000000 1.240000 -0.580000	0.000000 0.080000 -0.920000	1.300000
0.649112 0.253261 0.505378	0.000000 1.220000 -0.573333	0.000000 0.073333 -0.926667	1.300000
0.648973 0.254064 0.504948	0.000000 1.200000 -0.566667	0.000000 0.066667 -0.933333	1.300000
0.648834 0.254866 0.504519	0.000000 1.180000 -0.560000	0.000000 0.060000 -0.940000	1.300000
0.648695 0.255669 0.504089	0.000000 1.160000 -0.553333	0.000000 0.053333 -0.946667	1.300000
0.648556 0.256471 0.503660	0.000000 1.140000 -0.546667	0.000000 0.046667 -0.953333	1.300000
0.648417 0.257274 0.503230	0.000000 1.120000 -0.540000	0.000000 0.040000 -0.960000	1.300000
0.648278 0.258076 0.502801	0.000000 1.100000 -0.533333	0.000000 0.033333 -0.966667	1.300000
0.648139 0.258879 0.502371	0.000000 1.080000 -0.526667	0.000000 0.026667 -0.973333	1.300000
0.648000 0.259681 0.501942	0.000000 1.060000 -0.520000	0.000000 0.020000 -0.980000	1.300000
0.647861 0.260484 0.501512	0.000000 1.040000 -0.513333	0.000000 0.013333 -0.986667	1.300000
0.647722 0.261286 0.501083	0.000000 1.020000 -0.506667	0.000000 0.006667 -0.993333	1.300000
0.647583 0.262089 0.500653	0.000000 1.000000 -0.500000	0.000000 0.000000 -1.000000	1.300000
