0.681944 0.104165 0.586603	0.000000 0.535000 -0.510000	0.000000 1.000000 0.000000	1.300000
0.681807 0.104544 0.586385	0.000000 0.570000 -0.520000	0.000000 1.000000 0.000000	1.300000
0.681671 0.104924 0.586168	0.000000 0.605000 -0.530000	0.000000 1.000000 0.000000	1.300000
0.681534 0.105303 0.585951	0.000000 0.640000 -0.540000	0.000000 1.000000 0.000000	1.300000
0.681398 0.105682 0.585733	0.000000 0.675000 -0.550000	0.000000 1.000000 0.000000	1.300000
0.681261 0.106061 0.585516	0.000000 0.710000 -0.560000	0.000000 1.000000 0.000000	1.300000
0.681125 0.106441 0.585298	0.000000 0.745000 -0.570000	0.000000 1.000000 0.000000	1.300000
0.680989 0.106820 0.585081	0.000000 0.780000 -0.580000	0.000000 1.000000 0.000000	1.300000
0.680852 0.107199 0.584864	0.000000 0.815000 -0.590000	0.000000 1.000000 0.000000	1.300000
0.680716 0.107578 0.584646	0.000000 0.850000 -0.600000	0.000000 1.000000 0.000000	1.300000
0.680579 0.107958 0.584429	0.000000 0.885000 -0.610000	0.000000 1.000000 0.000000	1.300000
0.680443 0.108337 0.584212	0.000000 0.920000 -0.620000	0.000000 1.000000 0.000000	1.300000
0.680307 0.108716 0.583994	0.000000 0.955000 -0.630000	0.000000 1.000000 0.000000	1.300000
0.680170 0.109095 0.583777	0.000000 0.990000 -0.640000	0.000000 1.000000 0.000000	1.300000
0.680034 0.109475 0.583560	0.000000 1.025000 -0.650000	0.000000 1.000000 0.000000	1.300000
0.679897 0.109854 0.583342	0.000000 1.060000 -0.660000	0.000000 1.000000 0.000000	1.300000
0.679761 0.110233 0.583125	0.000000 1.095000 -0.670000	0.000000 1.000000 0.000000	1.300000
0.679624 0.110612 0.582908	0.000000 1.130000 -0.680000	0.000000 1.000000 0.000000	1.300000
0.679488 0.110992 0.582690	0.000000 1.165000 -0.690000	0.000000 1.000000 0.000000	1.300000
0.679352 0.111371 0.582473	0.000000 1.200000 -0.700000	0.000000 1.000000 0.000000	1.300000
0.679215 0.111750 0.582255	0.000000 1.235000 -0.710000	0.000000 1.000000 0.000000	1.300000
0.679079 0.112129 0.582038	0.000000 1.270000 -0.720000	0.000000 1.000000 0.000000	1.300000
0.678942 0.112509 0.581821	0.000000 1.305000 -0.730000	0.000000 1.000000 0.000000	1.300000
0.678806 0.112888 0.581603	0.000000 1.340000 -0.740000	0.000000 1.000000 0.000000	1.300000
0.678670 0.113267 0.581386	0.000000 1.375000 -0.750000	0.000000 1.000000 0.000000	1.300000
0.678533 0.113646 0.581169	0.000000 1.410000 -0.760000	0.000000 1.000000 0.000000	1.300000
0.678397 0.114025 0.580951	0.000000 1.445000 -0.770000	0.000000 1.000000 0.000000	1.300000
0.678260 0.114405 0.580734	0.000000 1.480000 -0.780000	0.000000 1.000000 0.000000	1.300000
0.678124 0.114784 0.580517	0.000000 1.515000 -0.790000	0.000000 1.000000 0.000000	1.300000
0.677987 0.115163 0.580299	0.000000 1.550000 -0.800000	0.000000 1.000000 0.000000	1.300000
0.677851 0.115542 0.580082	0.000000 1.585000 -0.810000	0.000000 1.000000 0.000000	1.300000
0.677715 0.115922 0.579864	0.000000 1.620000 -0.820000	0.000000 1.000000 0.000000	1.300000
0.677578 0.116301 0.579647	0.000000 1.655000 -0.830000	0.000000 1.000000 0.000000	1.300000
0.677442 0.116680 0.579430	0.000000 1.690000 -0.840000	0.000000 1.000000 0.000000	1.300000
0.677305 0.117059 0.579212	0.000000 1.725000 -0.850000	0.000000 1.000000 0.000000	1.300000
0.677169 0.117439 0.578995	0.000000 1.760000 -0.860000	0.000000 1.000000 0.000000	1.300000
0.677032 0.117818 0.578778	0.000000 1.795000 -0.870000	0.000000 1.000000 0.000000	1.300000
0.676896 0.118197 0.578560	0.000000 1.830000 -0.880000	0.000000 1.000000 0.000000	1.300000
0.676760 0.118576 0.578343	0.000000 1.865000 -0.890000	0.000000 1.000000 0.000000	1.300000
0.676623 0.118956 0.578126	0.000000 1.900000 -0.900000	0.000000 1.000000 0.000000	1.300000
0.676487 0.119335 0.577908	0.000000 1.935000 -0.910000	0.000000 1.000000 0.000000	1.300000
0.676350 0.119714 0.577691	0.000000 1.970000 -0.920000	0.000000 1.000000 0.000000	1.300000
0.676214 0.120093 0.577474	0.000000 2.005000 -0.930000	0.000000 1.000000 0.000000	1.300000
0.676078 0.120473 0.577256	0.000000 2.040000 -0.940000	0.000000 1.000000 0.000000	1.300000
0.675941 0.120852 0.577039	0.000000 2.075000 -0.950000	0.000000 1.000000 0.000000	1.300000
0.675805 0.121231 0.576821	0.000000 2.110000 -0.960000	0.000000 1.000000 0.000000	1.300000
0.675668 0.121610 0.576604	0.000000 2.145000 -0.970000	0.000000 1.000000 0.000000	1.300000
0.675532 0.121990 0.576387	0.000000 2.180000 -0.980000	0.000000 1.000000 0.000000	1.300000
0.675395 0.122369 0.576169	0.000000 2.215000 -0.990000	0.000000 1.000000 0.000000	1.300000
0.675259 0.122748 0.575952	0.000000 2.250000 -1.000000	0.000000 1.000000 0.000000	1.300000
0.675123 0.123127 0.575735	0.000000 2.285000 -1.010000	0.000000 1.000000 0.000000	1.300000
0.674986 0.123506 0.575517	0.000000 2.320000 -1.020000	0.000000 1.000000 0.000000	1.300000
0.674850 0.123886 0.575300	0.000000 2.355000 -1.030000	0.000000 1.000000 0.000000	1.300000
0.674713 0.124265 0.575083	0.000000 2.390000 -1.040000	0.000000 1.000000 0.000000	1.300000
0.674577 0.124644 0.574865	0.000000 2.425000 -1.050000	0.000000 1.000000 0.000000	1.300000
0.674440 0.125023 0.574648	0.000000 2.460000 -1.060000	0.000000 1.000000 0.000000	1.300000
0.674304 0.125403 0.574430	0.000000 2.495000 -1.070000	0.000000 1.000000 0.000000	1.300000
0.674168 0.125782 0.574213	0.000000 2.530000 -1.080000	0.000000 1.000000 0.000000	1.300000
0.674031 0.126161 0.573996	0.000000 2.565000 -1.090000	0.000000 1.000000 0.000000	1.300000
0.673895 0.126540 0.573778	0.000000 2.600000 -1.100000	0.000000 1.000000 0.000000	1.300000
0.673758 0.126920 0.573561	0.000000 2.635000 -1.110000	0.000000 1.000000 0.000000	1.300000
0.673622 0.127299 0.573344	0.000000 2.670000 -1.120000	0.000000 1.000000 0.000000	1.300000
0.673486 0.127678 0.573126	0.000000 2.705000 -1.130000	0.000000 1.000000 0.000000	1.300000
0.673349 0.128057 0.572909	0.000000 2.740000 -1.140000	0.000000 1.000000 0.000000	1.300000
0.673213 0.128437 0.572692	0.000000 2.775000 -1.150000	0.000000 1.000000 0.000000	1.300000
0.673076 0.128816 0.572474	0.000000 2.810000 -1.160000	0.000000 1.000000 0.000000	1.300000
0.672940 0.129195 0.572257	0.000000 2.845000 -1.170000	0.000000 1.000000 0.000000	1.300000
0.672803 0.129574 0.572040	0.000000 2.880000 -1.180000	0.000000 1.000000 0.000000	1.300000
0.672667 0.129954 0.571822	0.000000 2.915000 -1.190000	0.000000 1.000000 0.000000	1.300000
0.672531 0.130333 0.571605	0.000000 2.950000 -1.200000	0.000000 1.000000 0.000000	1.300000
0.672394 0.130712 0.571387	0.000000 2.985000 -1.210000	0.000000 1.000000 0.000000	1.300000
0.672258 0.131091 0.571170	0.000000 3.020000 -1.220000	0.000000 1.000000 0.000000	1.300000
0.672121 0.131471 0.570953	0.000000 3.055000 -1.230000	0.000000 1.000000 0.000000	1.300000
0.671985 0.131850 0.570735	0.000000 3.090000 -1.240000	0.000000 1.000000 0.000000	1.300000
0.671848 0.132229 0.570518	0.000000 3.125000 -1.250000	0.000000 1.000000 0.000000	1.300000
0.671712 0.132608 0.570301	0.000000 3.160000 -1.260000	0.000000 1.000000 0.000000	1.300000
0.671576 0.132987 0.570083	0.000000 3.195000 -1.270000	0.000000 1.000000 0.000000	1.300000
0.671439 0.133367 0.569866	0.000000 3.230000 -1.280000	0.000000 1.000000 0.000000	1.300000
0.671303 0.133746 0.569649	0.000000 3.265000 -1.290000	0.000000 1.000000 0.000000	1.300000
0.671166 0.134125 0.569431	0.000000 3.300000 -1.300000	0.000000 1.000000 0.000000	1.300000
0.671030 0.134504 0.569214	0.000000 3.335000 -1.310000	0.000000 1.000000 0.000000	1.300000
0.670894 0.134884 0.568996	0.000000 3.370000 -1.320000	0.000000 1.000000 0.000000	1.300000
0.670757 0.135263 0.568779	0.000000 3.405000 -1.330000	0.000000 1.000000 0.000000	1.300000
0.670621 0.135642 0.568562	0.000000 3.440000 -1.340000	0.000000 1.000000 0.000000	1.300000
0.670484 0.136021 0.568344	0.000000 3.475000 -1.350000	0.000000 1.000000 0.000000	1.300000
0.670348 0.136401 0.568127	0.000000 3.510000 -1.360000	0.000000 1.000000 0.000000	1.300000
0.670211 0.136780 0.567910	0.000000 3.545000 -1.370000	0.000000 1.000000 0.000000	1.300000
0.670075 0.137159 0.567692	0.000000 3.580000 -1.380000	0.000000 1.000000 0.000000	1.300000
0.669939 0.137538 0.567475	0.000000 3.615000 -1.390000	0.000000 1.000000 0.000000	1.300000
0.669802 0.137918 0.567258	0.000000 3.650000 -1.400000	0.000000 1.000000 0.000000	1.300000
0.669666 0.138297 0.567040	0.000000 3.685000 -1.410000	0.000000 1.000000 0.000000	1.300000
0.669529 0.138676 0.566823	0.000000 3.720000 -1.420000	0.000000 1.000000 0.000000	1.300000
0.669393 0.139055 0.566606	0.000000 3.755000 -1.430000	0.000000 1.000000 0.000000	1.300000
0.669257 0.139435 0.566388	0.000000 3.790000 -1.440000	0.000000 1.000000 0.000000	1.300000
0.669120 0.139814 0.566171	0.000000 3.825000 -1.450000	0.000000 1.000000 0.000000	1.300000
0.668984 0.140193 0.565953	0.000000 3.860000 -1.460000	0.000000 1.000000 0.000000	1.300000
0.668847 0.140572 0.565736	0.000000 3.895000 -1.470000	0.000000 1.000000 0.000000	1.300000
0.668711 0.140952 0.565519	0.000000 3.930000 -1.480000	0.000000 1.000000 0.000000	1.300000
0.668574 0.141331 0.565301	0.000000 3.965000 -1.490000	0.000000 1.000000 0.000000	1.300000
0.668438 0.141710 0.565084	0.000000 4.000000 -1.500000	0.000000 1.000000 0.000000	1.300000
